




N:MASTER SLAVE FF
1 25 25 435 173 76 254 118 255
1 25 25 433 238 76 254 118 255
1 25 25 912 165 76 254 118 255
1 25 25 911 245 76 254 118 255
2 25 25 490 173 42 157 143 255
2 25 25 492 237 42 157 143 255
2 25 25 960 163 42 157 143 255
2 25 25 957 244 42 157 143 255
4 104 104 159 166  255 0 0 200
5 104 104 165 603 132 160 124 255 1000000 1000000
6 48 48 692 606 251 186 114 255
6 25 25 371 172 251 186 114 255
6 25 25 540 171 251 186 114 255
6 25 25 537 238 251 186 114 255
6 25 25 855 165 251 186 114 255
6 25 25 1010 163 251 186 114 255
6 25 25 1005 242 251 186 114 255
7 351 172 237 166
7 413 231 237 166
7 415 166 390 172
7 470 166 454 173
7 520 171 509 173
7 472 230 559 171
7 472 243 452 238
7 517 238 511 237
7 470 179 556 238
7 413 244 243 603
7 415 179 243 603
7 835 165 559 171
7 891 238 559 171
7 892 158 874 165
7 940 156 931 165
7 990 163 979 163
7 937 237 1029 163
7 937 250 930 245
7 985 242 976 244
7 940 169 1024 242
7 655 606 243 603
7 891 251 728 606
7 892 171 728 606
7 1029 163 1214 168

N:NO BUG
1 53 53 483 201 76 254 118 255
1 53 53 402 171 76 254 118 255
1 53 53 394 570 76 254 118 255
1 53 53 470 619 76 254 118 255
2 73 73 755 615 42 157 143 255
2 73 73 737 185 42 157 143 255
4 100 100 167 163  255 0 0 200
4 100 100 189 608  244 172 69 200
5 71 71 273 390 132 160 124 255 1000000 1000000
6 63 63 902 199 251 186 114 255
6 63 63 890 610 251 186 114 255
7 354 583 264 608
7 354 556 326 390
7 362 184 326 390
7 362 157 242 163
7 443 187 441 171
7 430 605 433 570
7 681 166 522 201
7 699 633 509 619
7 842 610 810 615
7 681 203 937 610
7 854 199 792 185
7 699 596 949 199
7 242 163 443 214
7 264 608 430 632

N:REGISTRI PARALELI
1 34 34 299 151 76 254 118 255
1 34 34 299 195 76 254 118 255
1 34 34 294 327 76 254 118 255
1 34 34 295 383 76 254 118 255
1 29 29 292 509 76 254 118 255
1 29 29 290 552 76 254 118 255
2 34 34 361 150 42 157 143 255
2 34 34 355 196 42 157 143 255
2 34 34 352 325 42 157 143 255
2 34 34 348 388 42 157 143 255
2 29 29 348 511 42 157 143 255
2 29 29 344 553 42 157 143 255
4 94 94 75 327  255 0 0 200
4 94 94 75 145  255 0 0 200
4 94 94 90 528  255 0 0 200
5 43 43 142 644 132 160 124 255 1000000 1000000
6 34 34 233 152 251 186 114 255
6 34 34 414 154 251 186 114 255
6 34 34 415 197 251 186 114 255
6 34 34 235 326 251 186 114 255
6 34 34 411 324 251 186 114 255
6 34 34 411 385 251 186 114 255
6 27 27 232 510 251 186 114 255
6 29 29 401 510 251 186 114 255
6 29 29 400 553 251 186 114 255
7 267 559 174 644
7 269 516 174 644
7 269 391 174 644
7 268 335 174 644
7 273 203 174 644
7 273 159 174 644
7 207 152 146 145
7 209 326 146 327
7 211 510 161 528
7 269 501 252 510
7 267 544 161 528
7 268 318 260 326
7 269 374 146 327
7 273 142 258 152
7 273 186 146 145
7 335 141 324 151
7 329 204 324 195
7 389 197 380 196
7 388 154 386 150
7 329 187 439 154
7 335 158 440 197
7 326 316 319 327
7 322 396 320 383
7 385 385 373 388
7 326 333 436 385
7 385 324 377 325
7 322 379 436 324
7 436 324 640 321
7 439 154 625 154
7 321 560 312 552
7 377 553 366 553
7 378 510 370 511
7 321 545 423 510
7 325 518 422 553
7 325 503 314 509
7 423 510 656 511

N:NUMARATOR
1 23 23 279 163 76 254 118 255
1 23 23 280 203 76 254 118 255
1 23 23 558 158 76 254 118 255
1 23 23 553 199 76 254 118 255
1 23 23 851 157 76 254 118 255
1 23 23 853 211 76 254 118 255
1 50 50 755 653 76 254 118 255
2 23 23 332 163 42 157 143 255
2 23 23 331 202 42 157 143 255
2 23 23 603 155 42 157 143 255
2 23 23 600 202 42 157 143 255
2 23 23 901 157 42 157 143 255
2 23 23 902 216 42 157 143 255
3 34 34 209 556 42 157 143 255
3 34 34 518 573 42 157 143 255
3 39 39 783 565 42 157 143 255
4 22 22 82 630  255 0 0 200
5 76 76 492 457 132 160 124 255 1000000 1000000
6 23 23 225 164 251 186 114 255
6 23 23 379 163 251 186 114 255
6 23 23 381 207 251 186 114 255
6 23 23 515 160 251 186 114 255
6 23 23 644 155 251 186 114 255
6 23 23 643 208 251 186 114 255
6 23 23 807 161 251 186 114 255
6 23 23 946 158 251 186 114 255
6 23 23 944 213 251 186 114 255
7 261 157 242 164
7 314 157 296 163
7 361 163 349 163
7 313 196 396 163
7 313 207 297 203
7 363 207 348 202
7 314 168 398 207
7 261 168 549 457
7 262 197 549 457
7 535 204 549 457
7 540 163 549 457
7 540 152 532 160
7 585 149 575 158
7 626 155 620 155
7 582 196 661 155
7 582 207 570 199
7 625 208 617 202
7 585 160 660 208
7 835 216 549 457
7 833 162 549 457
7 833 151 824 161
7 883 151 868 157
7 928 158 918 157
7 884 210 963 158
7 884 221 870 211
7 926 213 919 216
7 883 162 961 213
7 717 640 661 155
7 183 564 98 630
7 396 163 183 547
7 207 164 234 556
7 262 208 234 556
7 717 665 234 556
7 661 155 492 581
7 396 163 492 564
7 497 160 543 573
7 535 193 543 573
7 753 574 792 653
7 963 158 753 555
7 789 161 812 565
7 835 205 812 565
7 396 163 395 63
7 661 155 660 77
7 963 158 967 72
